0|#[(0, 0), (0, 1), (0, 2), (0, 3), (1, 3), (1, 4), (1, 5), (0, 5), (0, 6), (1, 6), (2, 6), (2, 7), (3, 7), (4, 7), (5, 7), (5, 8), (6, 8), (6, 9), (7, 9), (8, 9), (9, 9)]#
0|#[(3, 7), (2, 7), (2, 6), (1, 6), (0, 6), (0, 7), (0, 8), (1, 8), (2, 8), (3, 8), (3, 9), (4, 9), (5, 9), (6, 9), (7, 9), (8, 9), (9, 9)]#
0|#[(0, 8), (0, 7), (0, 6), (0, 5), (1, 5), (1, 4), (1, 3), (0, 3), (0, 2), (0, 1), (0, 0), (1, 0), (2, 0), (3, 0), (4, 0), (5, 0), (6, 0), (7, 0), (7, 1), (8, 1), (8, 2), (8, 3), (9, 3), (9, 4), (8, 4), (7, 4), (7, 5), (8, 5), (8, 6), (9, 6), (9, 7), (8, 7), (8, 8), (8, 9), (9, 9)]#
0|#[(0, 0), (0, 1), (0, 2), (0, 3), (1, 3), (1, 4), (1, 5), (0, 5), (0, 6), (1, 6), (2, 6), (2, 7), (3, 7), (4, 7), (5, 7), (5, 8), (6, 8), (6, 9), (7, 9), (8, 9), (9, 9)]#
0|#[(3, 7), (2, 7), (2, 6), (1, 6), (0, 6), (0, 7), (0, 8), (1, 8), (2, 8), (3, 8), (3, 9), (4, 9), (5, 9), (6, 9), (7, 9), (8, 9), (9, 9)]#
0|#[(0, 8), (0, 7), (0, 6), (0, 5), (1, 5), (1, 4), (1, 3), (0, 3), (0, 2), (0, 1), (0, 0), (1, 0), (2, 0), (3, 0), (4, 0), (5, 0), (6, 0), (7, 0), (7, 1), (8, 1), (8, 2), (8, 3), (9, 3), (9, 4), (8, 4), (7, 4), (7, 5), (8, 5), (8, 6), (9, 6), (9, 7), (8, 7), (8, 8), (8, 9), (9, 9)]#
1|#[(0, 0), (0, 1), (1, 1), (1, 0), (2, 0), (3, 0), (3, 1), (3, 2), (4, 2), (5, 2), (6, 2), (6, 3), (7, 3), (7, 4), (7, 5), (8, 5), (9, 5), (9, 6), (8, 6), (8, 7), (9, 7), (9, 8), (8, 8), (7, 8), (7, 9), (8, 9), (9, 9)]#
2|#[(0, 0), (1, 0), (1, 1), (0, 1), (0, 2), (0, 3), (0, 4), (0, 5), (0, 6), (0, 7), (1, 7), (2, 7), (2, 6), (2, 5), (2, 4), (3, 4), (4, 4), (4, 5), (5, 5), (6, 5), (7, 5), (8, 5), (8, 6), (8, 7), (9, 7), (9, 8), (9, 9)]#
2|#[(4, 4), (4, 3), (5, 3), (5, 2), (4, 2), (4, 1), (3, 1), (3, 2), (3, 3), (2, 3), (2, 2), (2, 1), (2, 0), (3, 0), (4, 0), (5, 0), (6, 0), (7, 0), (7, 1), (7, 2), (7, 3), (8, 3), (8, 2), (8, 1), (9, 1), (9, 2), (9, 3), (9, 4), (9, 5), (9, 6), (9, 7), (9, 8), (9, 9)]#
3|#[(0, 0), (0, 1), (1, 1), (1, 2), (0, 2), (0, 3), (0, 4), (0, 5), (1, 5), (2, 5), (3, 5), (4, 5), (5, 5), (6, 5), (7, 5), (8, 5), (9, 5), (10, 5), (11, 5), (12, 5), (12, 6), (13, 6), (13, 7), (14, 7), (14, 8), (14, 9), (13, 9), (13, 10), (12, 10), (12, 11), (13, 11), (13, 12), (13, 13), (13, 14), (12, 14), (12, 15), (12, 16), (11, 16), (11, 17), (12, 17), (12, 18), (12, 19), (13, 19), (14, 19), (15, 19), (16, 19), (17, 19), (18, 19), (19, 19)]#
3|#[(7, 5), (7, 4), (8, 4), (8, 3), (9, 3), (9, 4), (10, 4), (10, 5), (11, 5), (12, 5), (12, 6), (13, 6), (13, 7), (14, 7), (14, 8), (14, 9), (13, 9), (13, 10), (12, 10), (12, 11), (13, 11), (13, 12), (13, 13), (13, 14), (12, 14), (12, 15), (12, 16), (11, 16), (11, 17), (12, 17), (12, 18), (12, 19), (13, 19), (14, 19), (15, 19), (16, 19), (17, 19), (18, 19), (19, 19)]#
3|#[(13, 7), (13, 6), (12, 6), (12, 5), (11, 5), (10, 5), (10, 4), (11, 4), (11, 3), (11, 2), (11, 1), (12, 1), (12, 0), (13, 0), (14, 0), (15, 0), (16, 0), (16, 1), (17, 1), (17, 2), (16, 2), (16, 3), (17, 3), (17, 4), (17, 5), (17, 6), (18, 6), (18, 7), (17, 7), (17, 8), (17, 9), (18, 9), (18, 8), (19, 8), (19, 9), (19, 10), (18, 10), (18, 11), (18, 12), (17, 12), (17, 11), (17, 10), (16, 10), (16, 11), (15, 11), (15, 10), (14, 10), (14, 11), (14, 12), (14, 13), (14, 14), (13, 14), (12, 14), (12, 15), (12, 16), (11, 16), (11, 17), (12, 17), (12, 18), (12, 19), (13, 19), (14, 19), (15, 19), (16, 19), (17, 19), (18, 19), (19, 19)]#
3|#[(14, 19), (14, 18), (14, 17), (15, 17), (15, 16), (15, 15), (16, 15), (16, 14), (17, 14), (18, 14), (18, 15), (17, 15), (17, 16), (17, 17), (18, 17), (18, 16), (19, 16), (19, 17), (19, 18), (18, 18), (18, 19), (19, 19)]#
4|#[(0, 0), (1, 0), (2, 0), (2, 1), (3, 1), (3, 2), (2, 2), (2, 3), (1, 3), (1, 4), (1, 5), (1, 6), (1, 7), (2, 7), (2, 8), (2, 9), (2, 10), (2, 11), (3, 11), (4, 11), (4, 12), (5, 12), (6, 12), (7, 12), (7, 11), (8, 11), (9, 11), (10, 11), (11, 11), (11, 10), (12, 10), (13, 10), (14, 10), (15, 10), (16, 10), (17, 10), (17, 11), (17, 12), (18, 12), (18, 13), (19, 13), (19, 14), (19, 15), (18, 15), (18, 16), (19, 16), (19, 17), (19, 18), (19, 19)]#
4|#[(12, 10), (12, 9), (12, 8), (12, 7), (12, 6), (12, 5), (12, 4), (12, 3), (13, 3), (13, 2), (14, 2), (15, 2), (15, 3), (15, 4), (16, 4), (16, 5), (16, 6), (16, 7), (17, 7), (18, 7), (18, 8), (19, 8), (19, 9), (19, 10), (19, 11), (18, 11), (18, 12), (18, 13), (19, 13), (19, 14), (19, 15), (18, 15), (18, 16), (19, 16), (19, 17), (19, 18), (19, 19)]#
